#	TowerToWin	ResToWin	Tower	Wall	IncomeBricks	IncomeGems	IncomeBeasts	Bricks	Gems	Beasts	AI	CardsCount	NPCText
108	30	100	15	5	2	2	2	10	10	10	0	6	357	(NPCText is optional)
109	50	150	20	5	2	2	2	5	5	5	1	6	358
110	50	150	20	5	2	2	2	5	5	5	2	6	359
111	75	200	25	10	3	3	3	5	5	5	2	6	360
112	75	200	20	10	3	3	3	5	5	5	1	6	361
113	100	300	30	15	4	4	4	10	10	10	1	6	362
114	100	300	30	15	4	4	4	10	10	10	2	6	363
115	150	400	20	10	5	5	5	25	25	25	0	6	364
116	200	500	20	10	1	1	1	15	15	15	2	6	365
117	100	300	20	50	1	1	5	5	5	25	0	6	366
118	125	350	10	20	3	1	2	15	5	10	2	6	367
119	125	350	10	20	3	1	2	15	5	10	1	6	368
120	100	300	50	50	5	3	5	20	10	20	0	6	369
249	30	100	15	5	2	2	2	10	10	10	0	6
250	50	150	20	5	2	2	2	5	5	5	1	6
